40998512
20700905
65831979
89758046
61820047
16983074
04475082
36849093
56028218
39677219
01807220
50524221
26205222
22606223
47686230
73031258
16637274
40881275
79295276
27630277
75551278
90415279
64216280
61272281
64583282
98444283
19278284
98219285
67395286
58905287
53341288
71163289
16974290
11068291
56775292
99023293
92135294
54336295
25982296
61494297
85739298
89670302
09014303
14846304
03946305
04111306
28374307
20192308
89750309
90102310
87224311
50675312
57952313
97327314
39884315
71737316
57776317
03889318
53191319
76243320
84657321
99695322
44950323
47388324
53230325
39933329
83775330
79962331
52161332
62803333
82818335
05023336
55188337
69619338
22900339
95438340
75355341
91905343
95887344
04143353
39445354
61467355
62388356
95328357
88631358
60433359
61846360
87876361
90552365
07400366
68047367
45538368
96220369
09102370
65978373
50120381
91754458
60379459
26262460
85539461
54498462
14311463
35220465
37628466
22141467
80698468
21420469
35713470
73187471
03589472
65461473
98723474
20990475
91996476
56960477
35391485
92002486
78656487
77397489
06820490
04372491
86677492
73452493
70482494
69095495
15196496
69980497
15648498
27483499
93456500
98190501
83676502
16640503
24584504
44357505
43307506
26334507
79624508
29490509
69535510
16169511
53065513
47502514
23218524
59799527
66981534
35053538
46479732
32131733
45952734
25556754
23191758
89080759
30845760
86162773
23653774
10708790
39655798
05824814
65152815
78482035
41526058
26613063
64388137
47929138
29874189
71011193
64171194
14112196
54068197
34250198
43164199
58872200
68447201
98590235
07068236
95487248
43126249
99802258
11831262
20345263
45309264
61723267
25923268
53348269
77373270
51922284
54739285
59210309
34335312
36239313
56790314
80264315
88042316
26918317
56464318
14958319
33159320
30320321
81322322
03244328
62869329
06773330
40671331
58606332
25813333
06147334
66988335
47316336
52096337
55131338
74551339
33693340
28897341
78689342
61277343
50080344
86258345
38020352
82594353
34685354
19223355
58066356
21469357
74128358
59196359
77946360
63566361
90676362
28298363
60036364
38902365
53507381
95792394
29536395
98010396
35230397
34790415
67469417
01748418
21123419
37295436
78195437
48169438
10368440
92392449
60915536
18344541
02135542
50205545
08870580
17682608
22653655
90357656
05554657
35408660
38486661
06362662
29221663
95683664
82556665
64499666
83408667
11651668
68538669
25514670
98375671
11125672
13858674
12561675
99800679
78076680
58272681
89686682
19621683
84645684
69790685
76638686
66176687
13961688
44842689
49326690
04060691
90816692
07535693
87341694
07703695
91456696
11675700
55479701
31303702
23873709
84010710
16489711
86271715
40151716
38414717
35757718
68938722
12264723
03245727
68785728
68537729
55202730
68715731
66016732
92773733
06929734
33791735
32903736
80115737
10805738
83890739
27363740
81337741
57902742
97097743
56693744
84558745
23459746
27795747
75012748
59544749
43237750
69920751
54976752
13653753
94130757
92526758
94359759
75611760
98592761
94466762
09005763
27342764
91118765
47414766
97545767
31252768
98379769
49480770
99445771
34453772
00907773
58050774
39591775
23955776
78643777
95399778
85293779
43190780
81112781
34123782
68009783
87298784
98815785
24155786
60048788
69927789
62620790
18147791
06984792
96279793
64878794
34404795
76266818
42394880
99341883
49698884
07873885
10594904
71066923
74180925
54752926
34704927
88780010
46286027
60119028
99345931
25888029
15798034
30558932
52371035
50530038
94416039
54251040
51001041
11415933
42059042
88652047
47079048
96849935
78771059
58859065
71271066
42692938
49676068
55753069
73886070
37889071
62650939
14171072
47383073
67930074
60082081
89294082
56747083
28857942
80315085
85535092
81395944
91139093
79223094
28488110
67215132
99689151
79076152
45678153
92513963
19944154
31134155
81910967
74057167
49860968
00920168
14498170
89489972
25349178
17140179
36834182
91066974
85091183
88780188
26247189
29538977
39781190
46703191
14473978
58226193
37296979
25831194
80624195
88348980
58120197
03483981
31266982
79188201
48077202
02340203
80943983
24263204
85979205
23514984
81164206
38935207
87315985
49489208
78839211
56146212
38262987
81646217
57015553
50549644
68856648
13575655
80963661
79027662
61433663
54155676
21285687
38423699
33324700
92252701
42576708
17736710
47304789
07268791
59894792
62908793
94788794
01090804
31159805
43828806
03925823
99604824
26666842
43986869
94587891
13758892
64536893
94428911
13603915
98335918
53798919
83565923
57808924
43299925
51256926
16065927
73169928
56343929
18678931
40243932
31378933
00086934
74665935
85441943
97775944
46392945
77484946
27731947
14864948
54880949
12669950
76590951
78817952
49142953
